"2017-06-14 at 11:07"
Date(Y-M-D) Time(H:M:S) CO2(ppm) H2O(ppt) H2O(C) Cell_Temperature(C) Cell_Pressure(kPa) CO2_Absorption H2O_Absorption
2017-06-14 11:07:19 707.61 18.76 16.49 52.19 100.37 0.1328 0.1067
2017-06-14 11:07:20 707.62 18.76 16.49 52.19 100.37 0.1328 0.1067
2017-06-14 11:07:21 707.78 18.77 16.49 52.19 100.35 0.1328 0.1067
2017-06-14 11:07:22 707.87 18.77 16.50 52.19 100.35 0.1328 0.1067
2017-06-14 11:07:23 707.78 18.77 16.50 52.19 100.35 0.1328 0.1067
2017-06-14 11:07:24 707.84 18.77 16.50 52.19 100.35 0.1328 0.1067
2017-06-14 11:07:25 707.57 18.77 16.50 52.19 100.37 0.1328 0.1067
2017-06-14 11:07:26 707.85 18.78 16.50 52.19 100.35 0.1328 0.1067
2017-06-14 11:07:27 707.73 18.77 16.50 52.22 100.37 0.1328 0.1067
2017-06-14 11:07:28 707.91 18.78 16.51 52.22 100.35 0.1328 0.1067
2017-06-14 11:07:29 707.86 18.78 16.51 52.22 100.35 0.1328 0.1067
2017-06-14 11:07:30 708.16 18.79 16.51 52.22 100.33 0.1328 0.1067
2017-06-14 11:07:31 708.13 18.79 16.51 52.22 100.33 0.1328 0.1067
2017-06-14 11:07:32 708.09 18.79 16.51 52.22 100.33 0.1328 0.1068
2017-06-14 11:07:33 708.11 18.79 16.52 52.22 100.33 0.1328 0.1068
2017-06-14 11:07:34 708.07 18.80 16.52 52.22 100.33 0.1328 0.1068
2017-06-14 11:07:35 708.08 18.80 16.52 52.22 100.33 0.1328 0.1068
2017-06-14 11:07:36 708.08 18.80 16.52 52.22 100.33 0.1328 0.1068
2017-06-14 11:07:37 708.27 18.80 16.52 52.22 100.31 0.1328 0.1068
2017-06-14 11:07:38 708.29 18.80 16.52 52.22 100.31 0.1328 0.1068
2017-06-14 11:07:39 708.28 18.80 16.52 52.22 100.31 0.1328 0.1068
2017-06-14 11:07:40 708.13 18.80 16.52 52.22 100.33 0.1328 0.1068
2017-06-14 11:07:41 708.11 18.80 16.52 52.22 100.33 0.1328 0.1068
2017-06-14 11:07:42 708.13 18.81 16.53 52.22 100.33 0.1328 0.1068
2017-06-14 11:07:43 708.10 18.81 16.53 52.22 100.33 0.1328 0.1068
2017-06-14 11:07:44 708.12 18.81 16.53 52.22 100.33 0.1328 0.1068
2017-06-14 11:07:45 708.20 18.81 16.53 52.22 100.33 0.1328 0.1068
2017-06-14 11:07:46 708.38 18.82 16.53 52.22 100.31 0.1328 0.1068
2017-06-14 11:07:47 708.23 18.81 16.53 52.22 100.33 0.1328 0.1068
2017-06-14 11:07:48 708.14 18.81 16.53 52.22 100.33 0.1328 0.1068
2017-06-14 11:07:49 708.14 18.81 16.53 52.22 100.33 0.1328 0.1068
2017-06-14 11:07:50 708.11 18.82 16.54 52.22 100.33 0.1328 0.1069
2017-06-14 11:07:51 707.88 18.81 16.54 52.22 100.36 0.1328 0.1069
2017-06-14 11:07:52 708.36 18.83 16.54 52.22 100.31 0.1328 0.1069
2017-06-14 11:07:53 708.03 18.82 16.54 52.22 100.33 0.1328 0.1069
2017-06-14 11:07:54 708.03 18.82 16.54 52.22 100.33 0.1328 0.1069
2017-06-14 11:07:55 707.76 18.82 16.54 52.22 100.36 0.1328 0.1069
2017-06-14 11:07:56 707.68 18.82 16.54 52.22 100.36 0.1328 0.1069
2017-06-14 11:07:57 707.62 18.82 16.54 52.22 100.36 0.1328 0.1069
2017-06-14 11:07:58 707.88 18.83 16.55 52.22 100.33 0.1328 0.1069
2017-06-14 11:07:59 708.23 18.84 16.55 52.22 100.31 0.1328 0.1069
2017-06-14 11:08:00 708.01 18.84 16.55 52.22 100.33 0.1328 0.1069
2017-06-14 11:08:01 708.03 18.84 16.55 52.22 100.33 0.1328 0.1069
2017-06-14 11:08:02 707.73 18.83 16.55 52.22 100.36 0.1328 0.1069
2017-06-14 11:08:03 708.09 18.84 16.55 52.22 100.33 0.1328 0.1069
2017-06-14 11:08:04 708.09 18.84 16.55 52.22 100.33 0.1328 0.1069
2017-06-14 11:08:05 708.06 18.84 16.55 52.22 100.33 0.1328 0.1069
2017-06-14 11:08:06 707.91 18.83 16.55 52.22 100.36 0.1328 0.1069
2017-06-14 11:08:07 708.40 18.85 16.56 52.22 100.31 0.1328 0.1069
2017-06-14 11:08:08 708.41 18.85 16.56 52.22 100.31 0.1328 0.1069
2017-06-14 11:08:09 708.13 18.85 16.56 52.22 100.33 0.1328 0.1070
2017-06-14 11:08:10 708.09 18.85 16.56 52.22 100.33 0.1328 0.1070
2017-06-14 11:08:11 707.76 18.84 16.56 52.22 100.36 0.1328 0.1070
2017-06-14 11:08:12 708.06 18.85 16.56 52.22 100.33 0.1328 0.1070
2017-06-14 11:08:13 707.82 18.85 16.56 52.22 100.36 0.1328 0.1070
2017-06-14 11:08:14 708.03 18.85 16.57 52.22 100.33 0.1328 0.1070
2017-06-14 11:08:15 708.09 18.86 16.57 52.22 100.33 0.1328 0.1070
2017-06-14 11:08:16 708.08 18.86 16.57 52.22 100.33 0.1328 0.1070
2017-06-14 11:08:17 708.07 18.86 16.57 52.22 100.33 0.1328 0.1070
2017-06-14 11:08:18 708.02 18.87 16.58 52.22 100.33 0.1328 0.1070
2017-06-14 11:08:19 707.65 18.86 16.57 52.22 100.37 0.1328 0.1070
2017-06-14 11:08:20 707.88 18.86 16.58 52.22 100.35 0.1328 0.1070
2017-06-14 11:08:21 707.89 18.87 16.58 52.22 100.35 0.1328 0.1071
2017-06-14 11:08:22 707.84 18.87 16.58 52.22 100.35 0.1328 0.1071
2017-06-14 11:08:23 707.89 18.87 16.58 52.22 100.33 0.1328 0.1071
2017-06-14 11:08:24 707.62 18.87 16.58 52.19 100.36 0.1328 0.1071
2017-06-14 11:08:25 707.59 18.87 16.58 52.19 100.36 0.1328 0.1071
2017-06-14 11:08:26 707.67 18.87 16.58 52.19 100.36 0.1328 0.1071
2017-06-14 11:08:27 707.63 18.87 16.58 52.19 100.36 0.1328 0.1071
2017-06-14 11:08:28 708.11 18.88 16.58 52.19 100.31 0.1328 0.1071
2017-06-14 11:08:29 707.63 18.87 16.58 52.19 100.36 0.1328 0.1071
2017-06-14 11:08:30 707.91 18.87 16.58 52.19 100.33 0.1328 0.1071
2017-06-14 11:08:31 707.71 18.87 16.58 52.19 100.36 0.1328 0.1071
2017-06-14 11:08:32 707.73 18.87 16.58 52.19 100.36 0.1328 0.1071
2017-06-14 11:08:33 708.03 18.88 16.59 52.19 100.33 0.1328 0.1071
2017-06-14 11:08:34 707.75 18.87 16.59 52.19 100.36 0.1328 0.1071
2017-06-14 11:08:35 707.74 18.88 16.59 52.22 100.36 0.1328 0.1071
2017-06-14 11:08:36 708.01 18.89 16.59 52.22 100.33 0.1328 0.1071
2017-06-14 11:08:37 708.26 18.89 16.60 52.22 100.31 0.1328 0.1071
2017-06-14 11:08:38 708.07 18.89 16.60 52.22 100.33 0.1328 0.1071
2017-06-14 11:08:39 708.18 18.89 16.60 52.22 100.33 0.1328 0.1071
2017-06-14 11:08:40 708.06 18.89 16.60 52.22 100.33 0.1328 0.1071
2017-06-14 11:08:41 708.02 18.90 16.60 52.22 100.33 0.1328 0.1072
2017-06-14 11:08:42 707.92 18.90 16.60 52.22 100.33 0.1328 0.1072
2017-06-14 11:08:43 708.02 18.90 16.60 52.22 100.33 0.1328 0.1072
2017-06-14 11:08:44 708.27 18.90 16.60 52.22 100.31 0.1328 0.1072
2017-06-14 11:08:45 708.33 18.91 16.61 52.22 100.31 0.1328 0.1072
2017-06-14 11:08:46 708.09 18.90 16.60 52.22 100.33 0.1328 0.1072
2017-06-14 11:08:47 707.83 18.90 16.60 52.22 100.36 0.1328 0.1072
2017-06-14 11:08:48 708.09 18.90 16.61 52.22 100.33 0.1328 0.1072
2017-06-14 11:08:49 707.80 18.90 16.61 52.22 100.36 0.1328 0.1072
2017-06-14 11:08:50 708.32 18.91 16.61 52.22 100.31 0.1328 0.1072
2017-06-14 11:08:51 708.07 18.91 16.61 52.22 100.33 0.1328 0.1072
2017-06-14 11:08:52 708.12 18.91 16.61 52.22 100.33 0.1328 0.1072
2017-06-14 11:08:53 708.18 18.91 16.61 52.22 100.33 0.1328 0.1072
2017-06-14 11:08:54 707.91 18.91 16.61 52.22 100.36 0.1328 0.1072
2017-06-14 11:08:55 708.17 18.91 16.61 52.22 100.33 0.1328 0.1072
2017-06-14 11:08:56 708.18 18.92 16.62 52.22 100.33 0.1328 0.1072
2017-06-14 11:08:57 708.15 18.92 16.62 52.22 100.33 0.1328 0.1072
2017-06-14 11:08:58 707.86 18.91 16.62 52.22 100.36 0.1328 0.1072
2017-06-14 11:08:59 708.07 18.92 16.62 52.22 100.33 0.1328 0.1072
2017-06-14 11:09:00 708.01 18.92 16.62 52.22 100.33 0.1328 0.1072
2017-06-14 11:09:01 708.16 18.92 16.62 52.22 100.33 0.1328 0.1073
2017-06-14 11:09:02 707.91 18.92 16.62 52.22 100.36 0.1328 0.1073
2017-06-14 11:09:03 707.88 18.92 16.62 52.22 100.36 0.1328 0.1073
2017-06-14 11:09:04 707.90 18.92 16.63 52.22 100.36 0.1328 0.1073
2017-06-14 11:09:05 708.10 18.93 16.63 52.22 100.33 0.1328 0.1073
2017-06-14 11:09:06 708.33 18.94 16.63 52.22 100.31 0.1328 0.1073
2017-06-14 11:09:07 708.38 18.94 16.63 52.22 100.31 0.1328 0.1073
2017-06-14 11:09:08 707.91 18.93 16.63 52.22 100.36 0.1328 0.1073
2017-06-14 11:09:09 707.87 18.93 16.63 52.22 100.36 0.1328 0.1073
2017-06-14 11:09:10 708.18 18.94 16.64 52.22 100.33 0.1328 0.1073
2017-06-14 11:09:11 708.04 18.94 16.64 52.22 100.33 0.1328 0.1073
2017-06-14 11:09:12 708.04 18.94 16.64 52.22 100.33 0.1328 0.1073
2017-06-14 11:09:13 708.11 18.94 16.64 52.22 100.33 0.1328 0.1073
2017-06-14 11:09:14 708.32 18.95 16.64 52.22 100.31 0.1328 0.1073
2017-06-14 11:09:15 708.32 18.95 16.64 52.22 100.31 0.1328 0.1073
2017-06-14 11:09:16 707.81 18.94 16.64 52.22 100.36 0.1328 0.1073
2017-06-14 11:09:17 708.11 18.95 16.65 52.22 100.33 0.1328 0.1074
2017-06-14 11:09:18 707.86 18.95 16.65 52.22 100.36 0.1328 0.1074
2017-06-14 11:09:19 708.23 18.95 16.65 52.22 100.33 0.1328 0.1074
2017-06-14 11:09:20 708.21 18.95 16.65 52.22 100.33 0.1328 0.1074
2017-06-14 11:09:21 708.24 18.96 16.65 52.22 100.33 0.1328 0.1074
2017-06-14 11:09:22 708.26 18.96 16.65 52.22 100.33 0.1328 0.1074
2017-06-14 11:09:23 708.24 18.96 16.65 52.22 100.33 0.1328 0.1074
2017-06-14 11:09:24 708.24 18.96 16.65 52.22 100.33 0.1328 0.1074
2017-06-14 11:09:25 708.16 18.96 16.66 52.22 100.33 0.1328 0.1074
2017-06-14 11:09:26 707.90 18.96 16.66 52.22 100.36 0.1328 0.1074
2017-06-14 11:09:27 708.04 18.97 16.66 52.22 100.33 0.1328 0.1074
2017-06-14 11:09:28 708.13 18.97 16.66 52.22 100.33 0.1328 0.1074
2017-06-14 11:09:29 708.10 18.97 16.66 52.22 100.33 0.1328 0.1074
2017-06-14 11:09:30 708.08 18.97 16.66 52.22 100.33 0.1328 0.1074
2017-06-14 11:09:31 707.86 18.97 16.66 52.22 100.36 0.1328 0.1074
2017-06-14 11:09:32 707.81 18.97 16.66 52.22 100.36 0.1328 0.1075
2017-06-14 11:09:33 708.09 18.98 16.67 52.22 100.33 0.1328 0.1075
2017-06-14 11:09:34 707.78 18.97 16.67 52.22 100.36 0.1328 0.1075
2017-06-14 11:09:35 708.07 18.98 16.67 52.22 100.33 0.1328 0.1075
2017-06-14 11:09:36 708.10 18.98 16.67 52.22 100.33 0.1328 0.1075
2017-06-14 11:09:37 708.39 18.98 16.67 52.22 100.31 0.1328 0.1075
2017-06-14 11:09:38 708.05 18.98 16.67 52.22 100.33 0.1328 0.1075
2017-06-14 11:09:39 707.79 18.97 16.67 52.22 100.36 0.1328 0.1075
2017-06-14 11:09:40 708.01 18.98 16.67 52.22 100.33 0.1328 0.1075
2017-06-14 11:09:41 707.70 18.98 16.67 52.22 100.36 0.1328 0.1075
2017-06-14 11:09:42 707.73 18.98 16.67 52.22 100.36 0.1328 0.1075
2017-06-14 11:09:43 708.04 18.99 16.68 52.22 100.33 0.1328 0.1075
2017-06-14 11:09:44 708.29 18.99 16.68 52.22 100.31 0.1328 0.1075
2017-06-14 11:09:45 708.07 18.99 16.68 52.22 100.33 0.1328 0.1075
2017-06-14 11:09:46 708.06 18.99 16.68 52.22 100.33 0.1328 0.1075
2017-06-14 11:09:47 708.16 19.00 16.68 52.22 100.32 0.1328 0.1075
2017-06-14 11:09:48 708.19 19.00 16.68 52.22 100.32 0.1328 0.1075
2017-06-14 11:09:49 708.17 19.00 16.69 52.22 100.32 0.1328 0.1075
2017-06-14 11:09:50 708.19 19.00 16.69 52.22 100.32 0.1328 0.1075
2017-06-14 11:09:51 708.44 19.01 16.69 52.22 100.30 0.1328 0.1075
2017-06-14 11:09:52 708.18 19.00 16.69 52.22 100.32 0.1328 0.1076
2017-06-14 11:09:53 708.06 19.01 16.69 52.22 100.32 0.1328 0.1076
2017-06-14 11:09:54 707.76 19.00 16.69 52.22 100.34 0.1328 0.1076
2017-06-14 11:09:55 708.05 19.01 16.69 52.22 100.32 0.1328 0.1076
2017-06-14 11:09:56 707.78 19.01 16.69 52.22 100.34 0.1328 0.1076
2017-06-14 11:09:57 708.05 19.01 16.70 52.22 100.32 0.1328 0.1076
2017-06-14 11:09:58 708.22 19.02 16.70 52.22 100.30 0.1328 0.1076
2017-06-14 11:09:59 708.00 19.02 16.70 52.22 100.32 0.1328 0.1076
2017-06-14 11:10:00 708.07 19.02 16.70 52.22 100.32 0.1328 0.1076
2017-06-14 11:10:01 707.87 19.01 16.70 52.22 100.34 0.1328 0.1076
2017-06-14 11:10:02 708.18 19.02 16.70 52.22 100.32 0.1328 0.1076
2017-06-14 11:10:03 707.94 19.02 16.70 52.22 100.34 0.1328 0.1076
2017-06-14 11:10:04 708.28 19.02 16.70 52.22 100.32 0.1328 0.1076
2017-06-14 11:10:05 708.03 19.02 16.70 52.22 100.34 0.1328 0.1076
2017-06-14 11:10:06 708.25 19.02 16.70 52.22 100.32 0.1328 0.1076
2017-06-14 11:10:07 708.26 19.02 16.70 52.22 100.32 0.1328 0.1076
2017-06-14 11:10:08 708.27 19.02 16.70 52.19 100.32 0.1328 0.1076
2017-06-14 11:10:09 708.22 19.02 16.70 52.19 100.32 0.1328 0.1076
2017-06-14 11:10:10 707.95 19.02 16.70 52.19 100.34 0.1328 0.1076
2017-06-14 11:10:11 708.21 19.02 16.70 52.19 100.32 0.1328 0.1076
2017-06-14 11:10:12 708.15 19.03 16.71 52.19 100.32 0.1328 0.1076
2017-06-14 11:10:13 708.16 19.03 16.71 52.19 100.32 0.1328 0.1076
2017-06-14 11:10:14 708.35 19.03 16.71 52.19 100.30 0.1328 0.1076
2017-06-14 11:10:15 707.97 19.03 16.71 52.19 100.34 0.1328 0.1077
2017-06-14 11:10:16 708.19 19.03 16.71 52.19 100.32 0.1328 0.1077
2017-06-14 11:10:17 708.22 19.03 16.71 52.19 100.32 0.1328 0.1077
2017-06-14 11:10:18 708.03 19.03 16.71 52.22 100.34 0.1328 0.1077
2017-06-14 11:10:19 707.99 19.03 16.72 52.22 100.34 0.1328 0.1077
2017-06-14 11:10:20 708.30 19.04 16.72 52.22 100.31 0.1328 0.1077
2017-06-14 11:10:21 708.37 19.04 16.72 52.22 100.31 0.1328 0.1077
2017-06-14 11:10:22 708.14 19.04 16.72 52.22 100.33 0.1328 0.1077
2017-06-14 11:10:23 708.16 19.04 16.72 52.22 100.33 0.1328 0.1077
2017-06-14 11:10:24 708.27 19.05 16.72 52.22 100.32 0.1328 0.1077
2017-06-14 11:10:25 708.08 19.04 16.72 52.22 100.34 0.1328 0.1077
2017-06-14 11:10:26 708.32 19.05 16.73 52.22 100.32 0.1328 0.1077
2017-06-14 11:10:27 708.04 19.05 16.73 52.22 100.34 0.1328 0.1077
2017-06-14 11:10:28 708.26 19.06 16.73 52.22 100.32 0.1328 0.1077
2017-06-14 11:10:29 708.23 19.05 16.73 52.22 100.32 0.1328 0.1077
2017-06-14 11:10:30 708.49 19.06 16.73 52.22 100.30 0.1328 0.1077
2017-06-14 11:10:31 708.19 19.06 16.73 52.22 100.32 0.1328 0.1078
2017-06-14 11:10:32 708.16 19.06 16.74 52.22 100.32 0.1328 0.1078
2017-06-14 11:10:33 707.88 19.06 16.73 52.22 100.34 0.1328 0.1078
2017-06-14 11:10:34 708.12 19.06 16.74 52.22 100.32 0.1328 0.1078
2017-06-14 11:10:35 708.06 19.06 16.74 52.22 100.32 0.1328 0.1078
2017-06-14 11:10:36 708.03 19.07 16.74 52.22 100.32 0.1328 0.1078
2017-06-14 11:10:37 707.99 19.07 16.74 52.22 100.32 0.1328 0.1078
2017-06-14 11:10:38 707.81 19.06 16.74 52.22 100.34 0.1328 0.1078
2017-06-14 11:10:39 708.09 19.07 16.74 52.22 100.32 0.1328 0.1078
2017-06-14 11:10:40 707.85 19.06 16.74 52.22 100.34 0.1328 0.1078
2017-06-14 11:10:41 707.76 19.07 16.74 52.22 100.34 0.1328 0.1078
2017-06-14 11:10:42 708.06 19.07 16.75 52.22 100.32 0.1328 0.1078
2017-06-14 11:10:43 708.33 19.08 16.75 52.22 100.30 0.1328 0.1078
2017-06-14 11:10:44 708.36 19.08 16.75 52.22 100.30 0.1328 0.1078
2017-06-14 11:10:45 708.10 19.08 16.75 52.22 100.32 0.1328 0.1078
2017-06-14 11:10:46 708.12 19.08 16.75 52.22 100.32 0.1328 0.1079
2017-06-14 11:10:47 708.14 19.09 16.76 52.22 100.32 0.1328 0.1079
2017-06-14 11:10:48 708.08 19.09 16.76 52.22 100.32 0.1328 0.1079
2017-06-14 11:10:49 707.87 19.09 16.76 52.22 100.34 0.1328 0.1079
2017-06-14 11:10:50 707.78 19.09 16.76 52.22 100.34 0.1328 0.1079
2017-06-14 11:10:51 708.23 19.10 16.76 52.22 100.30 0.1328 0.1079
2017-06-14 11:10:52 707.94 19.10 16.77 52.22 100.32 0.1328 0.1079
2017-06-14 11:10:53 707.92 19.10 16.77 52.22 100.32 0.1328 0.1079
2017-06-14 11:10:54 707.95 19.10 16.77 52.22 100.32 0.1328 0.1079
2017-06-14 11:10:55 707.94 19.10 16.77 52.22 100.32 0.1328 0.1079
2017-06-14 11:10:56 707.92 19.10 16.77 52.22 100.32 0.1328 0.1079
2017-06-14 11:10:57 708.06 19.10 16.77 52.22 100.32 0.1328 0.1079
2017-06-14 11:10:58 708.28 19.11 16.78 52.22 100.30 0.1328 0.1079
2017-06-14 11:10:59 708.01 19.11 16.77 52.22 100.32 0.1328 0.1079
2017-06-14 11:11:00 708.08 19.11 16.77 52.22 100.32 0.1328 0.1079
2017-06-14 11:11:01 707.87 19.11 16.78 52.22 100.34 0.1328 0.1080
2017-06-14 11:11:02 707.94 19.11 16.78 52.22 100.34 0.1328 0.1080
2017-06-14 11:11:03 708.28 19.11 16.78 52.22 100.32 0.1328 0.1080
2017-06-14 11:11:04 708.25 19.11 16.78 52.22 100.32 0.1328 0.1080
2017-06-14 11:11:05 708.27 19.11 16.78 52.22 100.32 0.1328 0.1080
2017-06-14 11:11:06 708.27 19.12 16.78 52.22 100.32 0.1328 0.1080
2017-06-14 11:11:07 708.25 19.12 16.78 52.22 100.32 0.1328 0.1080
2017-06-14 11:11:08 708.20 19.12 16.78 52.22 100.32 0.1328 0.1080
2017-06-14 11:11:09 707.99 19.12 16.79 52.22 100.34 0.1328 0.1080
2017-06-14 11:11:10 708.01 19.12 16.79 52.22 100.34 0.1328 0.1080
2017-06-14 11:11:11 707.97 19.12 16.79 52.22 100.34 0.1328 0.1080
2017-06-14 11:11:12 707.93 19.12 16.79 52.22 100.34 0.1328 0.1080
2017-06-14 11:11:13 708.16 19.13 16.79 52.22 100.32 0.1328 0.1080
2017-06-14 11:11:14 708.19 19.13 16.79 52.22 100.32 0.1328 0.1080
2017-06-14 11:11:15 708.43 19.14 16.79 52.22 100.30 0.1328 0.1080
2017-06-14 11:11:16 708.18 19.13 16.79 52.22 100.32 0.1328 0.1080
2017-06-14 11:11:17 708.00 19.13 16.79 52.22 100.34 0.1328 0.1080
2017-06-14 11:11:18 708.25 19.13 16.80 52.22 100.32 0.1328 0.1080
2017-06-14 11:11:19 708.22 19.14 16.80 52.22 100.32 0.1328 0.1080
2017-06-14 11:11:20 708.25 19.14 16.80 52.22 100.32 0.1328 0.1081
2017-06-14 11:11:21 708.58 19.14 16.80 52.22 100.30 0.1328 0.1081
2017-06-14 11:11:22 706.93 19.12 16.79 52.22 100.32 0.1326 0.1080
2017-06-14 11:11:23 716.91 19.10 16.77 52.22 100.32 0.1338 0.1079
2017-06-14 11:11:24 725.95 19.08 16.76 52.22 100.34 0.1350 0.1079
2017-06-14 11:11:25 744.10 19.06 16.74 52.22 100.34 0.1371 0.1078
2017-06-14 11:11:26 772.85 19.04 16.72 52.22 100.34 0.1405 0.1077
2017-06-14 11:11:27 809.75 19.04 16.72 52.22 100.32 0.1447 0.1077
2017-06-14 11:11:28 848.10 19.04 16.71 52.22 100.31 0.1489 0.1077
2017-06-14 11:11:29 885.23 19.03 16.71 52.22 100.33 0.1530 0.1076
2017-06-14 11:11:30 924.73 19.02 16.70 52.22 100.32 0.1571 0.1076
2017-06-14 11:11:31 964.39 19.01 16.70 52.22 100.34 0.1613 0.1076
2017-06-14 11:11:32 1005.32 19.01 16.70 52.22 100.34 0.1654 0.1076
2017-06-14 11:11:33 1047.13 19.03 16.71 52.22 100.32 0.1695 0.1076
2017-06-14 11:11:34 1066.92 19.04 16.72 52.22 100.34 0.1714 0.1077
2017-06-14 11:11:35 1087.72 19.06 16.74 52.22 100.32 0.1734 0.1078
2017-06-14 11:11:36 1095.54 19.07 16.74 52.19 100.32 0.1741 0.1078
2017-06-14 11:11:37 1095.10 19.08 16.75 52.19 100.30 0.1740 0.1078
2017-06-14 11:11:38 1092.72 19.07 16.75 52.19 100.34 0.1739 0.1078
2017-06-14 11:11:39 1093.55 19.08 16.75 52.19 100.32 0.1739 0.1078
2017-06-14 11:11:40 1092.67 19.07 16.75 52.22 100.34 0.1739 0.1078
2017-06-14 11:11:41 1092.91 19.08 16.75 52.22 100.32 0.1739 0.1078
2017-06-14 11:11:42 1092.77 19.08 16.75 52.22 100.32 0.1738 0.1078
2017-06-14 11:11:43 1093.28 19.09 16.75 52.22 100.30 0.1739 0.1078
2017-06-14 11:11:44 1092.88 19.08 16.75 52.22 100.32 0.1739 0.1079
2017-06-14 11:11:45 1092.87 19.08 16.75 52.22 100.32 0.1739 0.1079
2017-06-14 11:11:46 1092.35 19.08 16.75 52.22 100.34 0.1738 0.1079
2017-06-14 11:11:47 1092.86 19.09 16.76 52.22 100.32 0.1739 0.1079
2017-06-14 11:11:48 1092.56 19.08 16.76 52.22 100.34 0.1739 0.1079
2017-06-14 11:11:49 1093.00 19.09 16.76 52.22 100.32 0.1739 0.1079
2017-06-14 11:11:50 1093.36 19.10 16.76 52.22 100.30 0.1739 0.1079
2017-06-14 11:11:51 1093.33 19.10 16.76 52.22 100.30 0.1739 0.1079
2017-06-14 11:11:52 1092.91 19.10 16.76 52.22 100.32 0.1739 0.1079
2017-06-14 11:11:53 1092.88 19.10 16.77 52.22 100.32 0.1739 0.1079
2017-06-14 11:11:54 1092.52 19.10 16.77 52.22 100.34 0.1739 0.1079
2017-06-14 11:11:55 1092.97 19.10 16.77 52.22 100.32 0.1739 0.1079
2017-06-14 11:11:56 1092.64 19.10 16.77 52.22 100.34 0.1739 0.1079
2017-06-14 11:11:57 1092.43 19.10 16.77 52.22 100.34 0.1739 0.1079
2017-06-14 11:11:58 1093.17 19.12 16.78 52.22 100.30 0.1738 0.1080
2017-06-14 11:11:59 1093.12 19.12 16.78 52.22 100.30 0.1738 0.1080
2017-06-14 11:12:00 1092.70 19.11 16.78 52.22 100.32 0.1738 0.1080
2017-06-14 11:12:01 1092.62 19.11 16.78 52.22 100.32 0.1738 0.1080
2017-06-14 11:12:02 1092.65 19.11 16.78 52.22 100.32 0.1738 0.1080
2017-06-14 11:12:03 1092.74 19.11 16.78 52.22 100.32 0.1738 0.1080
2017-06-14 11:12:04 1092.63 19.12 16.78 52.22 100.32 0.1738 0.1080
2017-06-14 11:12:05 1092.99 19.12 16.78 52.22 100.30 0.1738 0.1080
2017-06-14 11:12:06 1092.54 19.12 16.78 52.22 100.32 0.1738 0.1080
2017-06-14 11:12:07 1092.57 19.12 16.78 52.22 100.32 0.1738 0.1080
2017-06-14 11:12:08 1092.00 19.11 16.78 52.22 100.36 0.1738 0.1080
2017-06-14 11:12:09 1091.96 19.11 16.79 52.22 100.36 0.1738 0.1080
2017-06-14 11:12:10 1092.30 19.12 16.79 52.22 100.33 0.1738 0.1080
2017-06-14 11:12:11 1092.36 19.12 16.79 52.22 100.33 0.1738 0.1080
2017-06-14 11:12:12 1092.28 19.12 16.79 52.22 100.33 0.1738 0.1080
2017-06-14 11:12:13 1092.20 19.13 16.79 52.22 100.33 0.1738 0.1080
2017-06-14 11:12:14 1092.16 19.13 16.79 52.22 100.33 0.1738 0.1080
2017-06-14 11:12:15 1092.13 19.13 16.79 52.22 100.33 0.1738 0.1080
2017-06-14 11:12:16 1091.69 19.13 16.80 52.22 100.36 0.1738 0.1081
2017-06-14 11:12:17 1091.68 19.13 16.80 52.22 100.36 0.1738 0.1081
2017-06-14 11:12:18 1091.61 19.13 16.80 52.22 100.36 0.1738 0.1081
2017-06-14 11:12:19 1092.10 19.14 16.80 52.22 100.33 0.1738 0.1081
2017-06-14 11:12:20 1092.05 19.14 16.80 52.22 100.33 0.1738 0.1081
2017-06-14 11:12:21 1092.37 19.15 16.81 52.22 100.31 0.1738 0.1081
2017-06-14 11:12:22 1091.76 19.14 16.80 52.19 100.33 0.1738 0.1081
2017-06-14 11:12:23 1091.78 19.14 16.81 52.19 100.33 0.1738 0.1081
2017-06-14 11:12:24 1091.30 19.14 16.81 52.19 100.36 0.1738 0.1081
2017-06-14 11:12:25 1091.60 19.15 16.81 52.19 100.33 0.1738 0.1081
2017-06-14 11:12:26 1091.73 19.15 16.81 52.22 100.33 0.1738 0.1081
2017-06-14 11:12:27 1091.75 19.15 16.81 52.22 100.33 0.1738 0.1081
2017-06-14 11:12:28 1091.70 19.15 16.81 52.22 100.33 0.1738 0.1081
2017-06-14 11:12:29 1092.00 19.16 16.81 52.22 100.31 0.1738 0.1081
2017-06-14 11:12:30 1091.13 19.15 16.81 52.22 100.36 0.1738 0.1081
2017-06-14 11:12:31 1091.36 19.15 16.82 52.22 100.34 0.1738 0.1081
2017-06-14 11:12:32 1091.41 19.15 16.82 52.22 100.34 0.1738 0.1081
2017-06-14 11:12:33 1091.77 19.16 16.82 52.22 100.32 0.1738 0.1082
2017-06-14 11:12:34 1091.74 19.16 16.82 52.22 100.32 0.1738 0.1082
2017-06-14 11:12:35 1092.25 19.17 16.82 52.22 100.30 0.1738 0.1082
2017-06-14 11:12:36 1091.73 19.17 16.82 52.22 100.32 0.1738 0.1082
2017-06-14 11:12:37 1091.60 19.17 16.82 52.22 100.32 0.1737 0.1082
2017-06-14 11:12:38 1091.27 19.16 16.82 52.22 100.34 0.1737 0.1082
2017-06-14 11:12:39 1091.28 19.16 16.82 52.22 100.34 0.1737 0.1082
2017-06-14 11:12:40 1091.65 19.17 16.82 52.22 100.32 0.1737 0.1082
2017-06-14 11:12:41 1091.68 19.17 16.83 52.22 100.32 0.1737 0.1082
2017-06-14 11:12:42 1091.66 19.17 16.83 52.22 100.32 0.1737 0.1082
2017-06-14 11:12:43 1091.77 19.17 16.83 52.22 100.32 0.1738 0.1082
2017-06-14 11:12:44 1091.68 19.18 16.83 52.22 100.32 0.1737 0.1082
2017-06-14 11:12:45 1091.27 19.17 16.83 52.22 100.34 0.1737 0.1082
2017-06-14 11:12:46 1091.66 19.18 16.83 52.22 100.32 0.1737 0.1082
2017-06-14 11:12:47 1091.32 19.18 16.83 52.25 100.34 0.1737 0.1082
2017-06-14 11:12:48 1091.63 19.18 16.84 52.25 100.32 0.1737 0.1082
2017-06-14 11:12:49 1091.64 19.18 16.84 52.25 100.32 0.1737 0.1082
2017-06-14 11:12:50 1091.86 19.19 16.84 52.22 100.30 0.1737 0.1082
2017-06-14 11:12:51 1091.82 19.19 16.84 52.22 100.30 0.1737 0.1082
2017-06-14 11:12:52 1091.46 19.19 16.84 52.22 100.32 0.1737 0.1083
2017-06-14 11:12:53 1091.37 19.19 16.84 52.22 100.32 0.1737 0.1083
2017-06-14 11:12:54 1091.35 19.19 16.84 52.22 100.32 0.1737 0.1083
2017-06-14 11:12:55 1090.66 19.19 16.84 52.22 100.36 0.1737 0.1083
2017-06-14 11:12:56 1091.06 19.19 16.84 52.22 100.33 0.1737 0.1083
2017-06-14 11:12:57 1090.96 19.19 16.85 52.22 100.33 0.1737 0.1083
2017-06-14 11:12:58 1091.41 19.20 16.85 52.22 100.31 0.1737 0.1083
2017-06-14 11:12:59 1091.07 19.20 16.85 52.22 100.33 0.1737 0.1083
2017-06-14 11:13:00 1091.23 19.20 16.85 52.22 100.32 0.1737 0.1083
2017-06-14 11:13:01 1090.66 19.20 16.85 52.22 100.34 0.1737 0.1083
2017-06-14 11:13:02 1090.95 19.21 16.86 52.22 100.32 0.1737 0.1083
2017-06-14 11:13:03 1090.56 19.20 16.86 52.22 100.34 0.1737 0.1083
2017-06-14 11:13:04 1090.78 19.21 16.86 52.22 100.32 0.1737 0.1083
2017-06-14 11:13:05 1090.86 19.21 16.86 52.22 100.32 0.1737 0.1083
2017-06-14 11:13:06 1090.74 19.21 16.86 52.22 100.32 0.1737 0.1083
2017-06-14 11:13:07 1090.42 19.21 16.86 52.22 100.34 0.1737 0.1083
2017-06-14 11:13:08 1090.74 19.21 16.86 52.22 100.32 0.1737 0.1083
2017-06-14 11:13:09 1090.70 19.21 16.86 52.22 100.32 0.1737 0.1084
2017-06-14 11:13:10 1090.55 19.21 16.86 52.22 100.32 0.1736 0.1084
2017-06-14 11:13:11 1090.30 19.21 16.86 52.22 100.34 0.1737 0.1084
2017-06-14 11:13:12 1090.63 19.21 16.86 52.22 100.32 0.1736 0.1083
2017-06-14 11:13:13 1090.70 19.21 16.86 52.22 100.32 0.1737 0.1084
2017-06-14 11:13:14 1090.13 19.21 16.86 52.22 100.34 0.1736 0.1084
2017-06-14 11:13:15 1090.26 19.21 16.86 52.22 100.34 0.1736 0.1084
2017-06-14 11:13:16 1090.16 19.21 16.87 52.22 100.34 0.1736 0.1084
2017-06-14 11:13:17 1090.62 19.23 16.87 52.25 100.32 0.1736 0.1084
2017-06-14 11:13:18 1090.56 19.23 16.87 52.25 100.32 0.1736 0.1084
2017-06-14 11:13:19 1090.53 19.23 16.87 52.25 100.32 0.1736 0.1084
2017-06-14 11:13:20 1090.82 19.24 16.88 52.22 100.30 0.1736 0.1084
2017-06-14 11:13:21 1090.45 19.23 16.87 52.19 100.32 0.1736 0.1084
2017-06-14 11:13:22 1090.22 19.23 16.87 52.19 100.32 0.1736 0.1084
2017-06-14 11:13:23 1088.08 19.21 16.86 52.19 100.34 0.1735 0.1084
2017-06-14 11:13:24 1083.23 19.17 16.83 52.22 100.34 0.1730 0.1082
2017-06-14 11:13:25 1075.00 19.11 16.78 52.22 100.34 0.1722 0.1080
2017-06-14 11:13:26 1066.48 19.04 16.72 52.22 100.32 0.1713 0.1077
2017-06-14 11:13:27 1057.26 18.97 16.65 52.22 100.30 0.1704 0.1074
2017-06-14 11:13:28 1039.14 18.82 16.54 52.22 100.31 0.1687 0.1068
2017-06-14 11:13:29 1019.79 18.65 16.40 52.22 100.36 0.1668 0.1062
2017-06-14 11:13:30 1004.62 18.52 16.29 52.22 100.33 0.1653 0.1057
2017-06-14 11:13:31 985.04 18.34 16.14 52.22 100.36 0.1634 0.1050
2017-06-14 11:13:32 965.63 18.17 15.98 52.22 100.33 0.1614 0.1043
2017-06-14 11:13:33 945.82 17.98 15.82 52.22 100.36 0.1594 0.1036
2017-06-14 11:13:34 937.06 17.90 15.75 52.22 100.33 0.1584 0.1033
2017-06-14 11:13:35 920.94 17.75 15.62 52.22 100.31 0.1567 0.1027
2017-06-14 11:13:36 903.77 17.58 15.47 52.22 100.33 0.1549 0.1020
2017-06-14 11:13:37 886.77 17.41 15.32 52.22 100.36 0.1531 0.1014
2017-06-14 11:13:38 871.31 17.25 15.18 52.22 100.36 0.1515 0.1008
2017-06-14 11:13:39 864.57 17.16 15.10 52.22 100.33 0.1507 0.1004
2017-06-14 11:13:40 853.07 17.04 14.98 52.22 100.33 0.1495 0.0999
2017-06-14 11:13:41 842.39 16.93 14.88 52.22 100.33 0.1483 0.0995
2017-06-14 11:13:42 834.45 16.85 14.80 52.22 100.30 0.1474 0.0991
2017-06-14 11:13:43 826.48 16.75 14.72 52.22 100.35 0.1465 0.0988
2017-06-14 11:13:44 822.62 16.69 14.66 52.22 100.35 0.1461 0.0985
2017-06-14 11:13:45 820.71 16.63 14.61 52.22 100.37 0.1459 0.0983
2017-06-14 11:13:46 819.84 16.58 14.56 52.22 100.33 0.1458 0.0981
2017-06-14 11:13:47 819.29 16.54 14.52 52.22 100.36 0.1457 0.0979
2017-06-14 11:13:48 820.75 16.52 14.50 52.22 100.35 0.1459 0.0978
2017-06-14 11:13:49 819.44 16.48 14.47 52.22 100.35 0.1457 0.0977
2017-06-14 11:13:50 817.75 16.45 14.44 52.22 100.35 0.1455 0.0975
2017-06-14 11:13:51 816.13 16.42 14.41 52.22 100.33 0.1453 0.0974
2017-06-14 11:13:52 814.57 16.38 14.38 52.22 100.36 0.1452 0.0973
2017-06-14 11:13:53 813.75 16.36 14.36 52.22 100.33 0.1451 0.0972
2017-06-14 11:13:54 810.85 16.34 14.33 52.22 100.33 0.1448 0.0971
2017-06-14 11:13:55 807.07 16.32 14.31 52.22 100.36 0.1444 0.0970
2017-06-14 11:13:56 806.03 16.31 14.31 52.22 100.33 0.1442 0.0970
2017-06-14 11:13:57 803.82 16.31 14.30 52.22 100.33 0.1440 0.0969
2017-06-14 11:13:58 801.57 16.30 14.29 52.22 100.31 0.1437 0.0969
2017-06-14 11:13:59 799.08 16.29 14.29 52.22 100.33 0.1434 0.0969
2017-06-14 11:14:00 799.07 16.29 14.29 52.22 100.36 0.1435 0.0969
2017-06-14 11:14:01 800.24 16.30 14.30 52.22 100.33 0.1436 0.0969
2017-06-14 11:14:02 801.00 16.31 14.31 52.22 100.33 0.1436 0.0970
2017-06-14 11:14:03 801.31 16.32 14.31 52.22 100.33 0.1437 0.0970
2017-06-14 11:14:04 801.53 16.32 14.32 52.22 100.33 0.1437 0.0970
2017-06-14 11:14:05 801.35 16.32 14.32 52.22 100.33 0.1437 0.0970
2017-06-14 11:14:06 801.10 16.33 14.32 52.22 100.33 0.1437 0.0970
2017-06-14 11:14:07 800.84 16.33 14.32 52.22 100.33 0.1436 0.0970
2017-06-14 11:14:08 800.57 16.33 14.33 52.22 100.33 0.1436 0.0971
2017-06-14 11:14:09 800.30 16.34 14.33 52.22 100.33 0.1436 0.0971
2017-06-14 11:14:10 799.87 16.34 14.33 52.22 100.33 0.1435 0.0971
2017-06-14 11:14:11 799.57 16.34 14.34 52.22 100.33 0.1435 0.0971
2017-06-14 11:14:12 799.19 16.34 14.34 52.22 100.33 0.1434 0.0971
2017-06-14 11:14:13 798.86 16.35 14.34 52.22 100.33 0.1434 0.0971
2017-06-14 11:14:14 798.22 16.34 14.34 52.22 100.36 0.1434 0.0971
2017-06-14 11:14:15 798.30 16.35 14.35 52.22 100.33 0.1433 0.0971
2017-06-14 11:14:16 797.88 16.35 14.35 52.22 100.36 0.1433 0.0972
2017-06-14 11:14:17 797.86 16.36 14.35 52.22 100.36 0.1433 0.0972
2017-06-14 11:14:18 798.12 16.36 14.36 52.22 100.33 0.1433 0.0972
2017-06-14 11:14:19 798.12 16.37 14.36 52.22 100.33 0.1433 0.0972
2017-06-14 11:14:20 798.07 16.37 14.36 52.22 100.33 0.1433 0.0972
2017-06-14 11:14:21 798.12 16.38 14.37 52.22 100.33 0.1433 0.0972
2017-06-14 11:14:22 797.79 16.38 14.37 52.19 100.36 0.1433 0.0973
2017-06-14 11:14:23 798.10 16.38 14.38 52.19 100.33 0.1433 0.0973
2017-06-14 11:14:24 797.78 16.38 14.38 52.19 100.36 0.1433 0.0973
2017-06-14 11:14:25 798.13 16.39 14.38 52.22 100.33 0.1433 0.0973
2017-06-14 11:14:26 797.71 16.39 14.38 52.22 100.33 0.1433 0.0973
2017-06-14 11:14:27 796.56 16.39 14.38 52.22 100.31 0.1431 0.0973
2017-06-14 11:14:28 794.68 16.39 14.38 52.22 100.32 0.1429 0.0973
2017-06-14 11:14:29 793.15 16.39 14.38 52.22 100.32 0.1427 0.0973
2017-06-14 11:14:30 791.55 16.39 14.38 52.22 100.34 0.1426 0.0973
2017-06-14 11:14:31 790.30 16.39 14.38 52.22 100.32 0.1424 0.0973
2017-06-14 11:14:32 788.61 16.39 14.38 52.22 100.32 0.1422 0.0973
2017-06-14 11:14:33 786.99 16.39 14.38 52.22 100.32 0.1420 0.0973
2017-06-14 11:14:34 786.69 16.40 14.38 52.22 100.30 0.1420 0.0973
2017-06-14 11:14:35 786.10 16.40 14.38 52.22 100.30 0.1419 0.0973
2017-06-14 11:14:36 786.55 16.40 14.39 52.22 100.34 0.1420 0.0973
2017-06-14 11:14:37 788.65 16.42 14.41 52.22 100.32 0.1422 0.0974
2017-06-14 11:14:38 790.60 16.43 14.42 52.22 100.32 0.1424 0.0974
2017-06-14 11:14:39 792.16 16.45 14.43 52.22 100.32 0.1426 0.0975
2017-06-14 11:14:40 792.70 16.45 14.44 52.22 100.34 0.1427 0.0975
2017-06-14 11:14:41 794.61 16.47 14.45 52.22 100.32 0.1429 0.0976
2017-06-14 11:14:42 796.48 16.48 14.47 52.22 100.32 0.1431 0.0976
2017-06-14 11:14:43 798.38 16.50 14.48 52.22 100.32 0.1433 0.0977
2017-06-14 11:14:44 799.30 16.51 14.49 52.22 100.34 0.1435 0.0978
2017-06-14 11:14:45 800.06 16.52 14.50 52.22 100.34 0.1435 0.0978
2017-06-14 11:14:46 800.59 16.53 14.51 52.22 100.32 0.1436 0.0979
2017-06-14 11:14:47 800.11 16.54 14.52 52.22 100.32 0.1435 0.0979
2017-06-14 11:14:48 800.07 16.55 14.53 52.22 100.32 0.1435 0.0979
2017-06-14 11:14:49 800.19 16.55 14.53 52.22 100.32 0.1435 0.0979
2017-06-14 11:14:50 800.15 16.55 14.53 52.22 100.32 0.1435 0.0979
2017-06-14 11:14:51 800.13 16.56 14.54 52.22 100.32 0.1435 0.0980
2017-06-14 11:14:52 799.84 16.56 14.54 52.22 100.34 0.1435 0.0980
2017-06-14 11:14:53 800.13 16.56 14.54 52.22 100.32 0.1435 0.0980
2017-06-14 11:14:54 800.03 16.56 14.55 52.22 100.34 0.1435 0.0980
2017-06-14 11:14:55 800.27 16.57 14.55 52.22 100.32 0.1435 0.0980
2017-06-14 11:14:56 800.62 16.58 14.55 52.22 100.30 0.1436 0.0980
2017-06-14 11:14:57 800.67 16.58 14.56 52.22 100.30 0.1436 0.0980
2017-06-14 11:14:58 800.08 16.58 14.56 52.22 100.34 0.1436 0.0981
2017-06-14 11:14:59 800.11 16.58 14.56 52.22 100.34 0.1436 0.0981
2017-06-14 11:15:00 800.39 16.59 14.57 52.22 100.32 0.1436 0.0981
2017-06-14 11:15:01 800.13 16.59 14.57 52.22 100.34 0.1436 0.0981
2017-06-14 11:15:02 800.09 16.59 14.57 52.22 100.34 0.1436 0.0981
2017-06-14 11:15:03 800.36 16.60 14.58 52.22 100.32 0.1436 0.0981
2017-06-14 11:15:04 800.33 16.61 14.58 52.22 100.32 0.1436 0.0982
2017-06-14 11:15:05 800.60 16.61 14.59 52.22 100.30 0.1436 0.0982
2017-06-14 11:15:06 800.35 16.61 14.59 52.22 100.32 0.1436 0.0982
2017-06-14 11:15:07 800.31 16.62 14.59 52.22 100.32 0.1435 0.0982
2017-06-14 11:15:08 800.27 16.62 14.60 52.22 100.32 0.1435 0.0982
2017-06-14 11:15:09 800.36 16.62 14.60 52.22 100.32 0.1436 0.0982
2017-06-14 11:15:10 800.10 16.62 14.60 52.22 100.34 0.1436 0.0982
2017-06-14 11:15:11 800.36 16.63 14.60 52.22 100.32 0.1436 0.0982
2017-06-14 11:15:12 800.46 16.63 14.61 52.22 100.32 0.1436 0.0983
2017-06-14 11:15:13 800.45 16.64 14.61 52.22 100.32 0.1436 0.0983
2017-06-14 11:15:14 800.69 16.64 14.62 52.22 100.31 0.1436 0.0983
2017-06-14 11:15:15 800.67 16.65 14.62 52.22 100.31 0.1436 0.0983
2017-06-14 11:15:16 800.49 16.64 14.62 52.22 100.33 0.1436 0.0983
2017-06-14 11:15:17 800.71 16.65 14.62 52.22 100.31 0.1436 0.0983
2017-06-14 11:15:18 800.74 16.66 14.63 52.22 100.31 0.1436 0.0983
2017-06-14 11:15:19 800.74 16.66 14.63 52.22 100.31 0.1436 0.0984
2017-06-14 11:15:20 800.64 16.66 14.63 52.19 100.31 0.1436 0.0984
2017-06-14 11:15:21 800.27 16.66 14.63 52.19 100.33 0.1436 0.0984
2017-06-14 11:15:22 800.59 16.67 14.64 52.19 100.31 0.1436 0.0984
2017-06-14 11:15:23 800.57 16.67 14.64 52.19 100.31 0.1436 0.0984
2017-06-14 11:15:24 800.69 16.67 14.64 52.22 100.31 0.1436 0.0984
2017-06-14 11:15:25 800.45 16.67 14.65 52.22 100.32 0.1436 0.0984
2017-06-14 11:15:26 800.09 16.67 14.65 52.22 100.34 0.1436 0.0984
2017-06-14 11:15:27 800.60 16.69 14.65 52.22 100.30 0.1436 0.0985
2017-06-14 11:15:28 800.36 16.68 14.66 52.22 100.32 0.1436 0.0985
2017-06-14 11:15:29 800.02 16.68 14.66 52.22 100.34 0.1435 0.0985
2017-06-14 11:15:30 800.04 16.69 14.66 52.22 100.34 0.1436 0.0985
2017-06-14 11:15:31 800.04 16.69 14.66 52.22 100.34 0.1436 0.0985
2017-06-14 11:15:32 800.31 16.70 14.67 52.22 100.32 0.1436 0.0985
2017-06-14 11:15:33 800.27 16.70 14.67 52.22 100.32 0.1435 0.0985
2017-06-14 11:15:34 800.54 16.71 14.67 52.22 100.30 0.1435 0.0985
2017-06-14 11:15:35 800.24 16.70 14.67 52.22 100.32 0.1435 0.0985
2017-06-14 11:15:36 800.30 16.71 14.68 52.22 100.32 0.1435 0.0986
2017-06-14 11:15:37 800.14 16.70 14.68 52.22 100.34 0.1436 0.0986
2017-06-14 11:15:38 800.30 16.71 14.68 52.22 100.32 0.1436 0.0986
2017-06-14 11:15:39 800.33 16.71 14.68 52.22 100.32 0.1436 0.0986
2017-06-14 11:15:40 800.32 16.72 14.68 52.22 100.32 0.1436 0.0986
2017-06-14 11:15:41 800.62 16.72 14.69 52.22 100.30 0.1436 0.0986
2017-06-14 11:15:42 800.38 16.72 14.69 52.22 100.32 0.1436 0.0986
2017-06-14 11:15:43 800.45 16.73 14.69 52.22 100.32 0.1436 0.0986
2017-06-14 11:15:44 800.49 16.73 14.70 52.22 100.32 0.1436 0.0986
2017-06-14 11:15:45 800.15 16.73 14.70 52.22 100.34 0.1436 0.0987
2017-06-14 11:15:46 800.40 16.74 14.70 52.22 100.32 0.1436 0.0987
2017-06-14 11:15:47 800.07 16.73 14.70 52.22 100.34 0.1436 0.0987
2017-06-14 11:15:48 800.38 16.74 14.71 52.22 100.32 0.1436 0.0987
2017-06-14 11:15:49 800.44 16.74 14.71 52.22 100.32 0.1436 0.0987
2017-06-14 11:15:50 800.46 16.75 14.71 52.22 100.32 0.1436 0.0987
2017-06-14 11:15:51 800.23 16.74 14.71 52.22 100.34 0.1436 0.0987
2017-06-14 11:15:52 800.25 16.75 14.72 52.22 100.34 0.1436 0.0987
2017-06-14 11:15:53 800.44 16.76 14.72 52.22 100.32 0.1436 0.0988
2017-06-14 11:15:54 800.37 16.76 14.73 52.22 100.32 0.1436 0.0988
2017-06-14 11:15:55 800.13 16.76 14.73 52.22 100.34 0.1436 0.0988
2017-06-14 11:15:56 800.45 16.77 14.73 52.22 100.32 0.1436 0.0988
2017-06-14 11:15:57 800.52 16.77 14.74 52.22 100.32 0.1436 0.0988
2017-06-14 11:15:58 800.49 16.78 14.74 52.22 100.32 0.1436 0.0988
2017-06-14 11:15:59 800.22 16.77 14.74 52.22 100.34 0.1436 0.0988
2017-06-14 11:16:00 800.43 16.78 14.75 52.22 100.32 0.1436 0.0989
2017-06-14 11:16:01 800.16 16.78 14.75 52.22 100.34 0.1436 0.0989
2017-06-14 11:16:02 800.32 16.79 14.75 52.22 100.32 0.1436 0.0989
2017-06-14 11:16:03 800.36 16.79 14.75 52.22 100.32 0.1436 0.0989
2017-06-14 11:16:04 800.61 16.80 14.76 52.22 100.30 0.1436 0.0989
2017-06-14 11:16:05 800.36 16.80 14.76 52.22 100.32 0.1436 0.0989
2017-06-14 11:16:06 800.35 16.80 14.76 52.22 100.32 0.1436 0.0989
2017-06-14 11:16:07 800.31 16.80 14.76 52.22 100.32 0.1436 0.0989
2017-06-14 11:16:08 800.11 16.80 14.76 52.22 100.33 0.1435 0.0989
2017-06-14 11:16:09 800.14 16.80 14.77 52.22 100.33 0.1435 0.0989
2017-06-14 11:16:10 800.32 16.81 14.77 52.22 100.31 0.1435 0.0990
2017-06-14 11:16:11 800.38 16.81 14.77 52.22 100.31 0.1435 0.0990
2017-06-14 11:16:12 800.35 16.82 14.78 52.22 100.31 0.1435 0.0990
2017-06-14 11:16:13 800.40 16.82 14.78 52.22 100.31 0.1435 0.0990
2017-06-14 11:16:14 800.33 16.82 14.78 52.22 100.31 0.1435 0.0990
2017-06-14 11:16:15 800.42 16.83 14.79 52.22 100.31 0.1435 0.0990
2017-06-14 11:16:16 800.33 16.83 14.79 52.22 100.31 0.1435 0.0990
2017-06-14 11:16:17 800.08 16.83 14.79 52.22 100.33 0.1435 0.0991
2017-06-14 11:16:18 800.44 16.84 14.79 52.22 100.31 0.1435 0.0991
2017-06-14 11:16:19 800.34 16.84 14.80 52.22 100.31 0.1435 0.0991
2017-06-14 11:16:20 800.70 16.85 14.80 52.22 100.29 0.1435 0.0991
2017-06-14 11:16:21 800.32 16.84 14.80 52.22 100.31 0.1435 0.0991
2017-06-14 11:16:22 800.42 16.84 14.80 52.22 100.31 0.1435 0.0991
2017-06-14 11:16:23 800.45 16.85 14.80 52.25 100.31 0.1435 0.0991
2017-06-14 11:16:24 800.47 16.85 14.81 52.25 100.31 0.1435 0.0991
2017-06-14 11:16:25 800.42 16.85 14.81 52.25 100.31 0.1435 0.0991
2017-06-14 11:16:26 800.50 16.85 14.81 52.25 100.31 0.1435 0.0991
2017-06-14 11:16:27 800.50 16.86 14.81 52.22 100.31 0.1436 0.0991
2017-06-14 11:16:28 800.76 16.86 14.81 52.22 100.29 0.1436 0.0991
2017-06-14 11:16:29 800.29 16.86 14.82 52.22 100.33 0.1436 0.0992
2017-06-14 11:16:30 800.55 16.86 14.82 52.22 100.31 0.1436 0.0992
2017-06-14 11:16:31 800.45 16.87 14.82 52.22 100.31 0.1436 0.0992
2017-06-14 11:16:32 800.58 16.87 14.83 52.22 100.31 0.1436 0.0992
2017-06-14 11:16:33 800.49 16.87 14.83 52.22 100.31 0.1436 0.0992
2017-06-14 11:16:34 800.77 16.88 14.83 52.22 100.29 0.1436 0.0992
2017-06-14 11:16:35 800.38 16.88 14.83 52.22 100.31 0.1435 0.0992
2017-06-14 11:16:36 800.51 16.88 14.84 52.22 100.31 0.1436 0.0993
2017-06-14 11:16:37 800.12 16.88 14.84 52.22 100.33 0.1435 0.0993
2017-06-14 11:16:38 800.17 16.88 14.84 52.22 100.33 0.1436 0.0993
2017-06-14 11:16:39 800.13 16.88 14.84 52.22 100.33 0.1435 0.0993
2017-06-14 11:16:40 800.16 16.89 14.84 52.22 100.33 0.1436 0.0993
2017-06-14 11:16:41 800.80 16.90 14.85 52.22 100.29 0.1436 0.0993
2017-06-14 11:16:42 800.74 16.90 14.85 52.22 100.29 0.1436 0.0993
2017-06-14 11:16:43 800.86 16.90 14.85 52.22 100.29 0.1436 0.0993
2017-06-14 11:16:44 800.29 16.90 14.85 52.22 100.33 0.1436 0.0993
2017-06-14 11:16:45 800.60 16.91 14.86 52.22 100.31 0.1436 0.0994
2017-06-14 11:16:46 800.43 16.91 14.86 52.22 100.31 0.1436 0.0994
2017-06-14 11:16:47 800.52 16.91 14.87 52.22 100.31 0.1436 0.0994
2017-06-14 11:16:48 800.74 16.92 14.87 52.22 100.29 0.1436 0.0994
2017-06-14 11:16:49 800.55 16.92 14.87 52.22 100.31 0.1436 0.0994
2017-06-14 11:16:50 800.75 16.93 14.88 52.22 100.29 0.1436 0.0994
2017-06-14 11:16:51 800.50 16.93 14.88 52.22 100.31 0.1436 0.0994
2017-06-14 11:16:52 800.14 16.92 14.88 52.22 100.33 0.1435 0.0994
2017-06-14 11:16:53 800.41 16.93 14.88 52.22 100.31 0.1435 0.0994
2017-06-14 11:16:54 800.24 16.93 14.88 52.22 100.32 0.1435 0.0995
2017-06-14 11:16:55 800.22 16.93 14.89 52.22 100.32 0.1435 0.0995
2017-06-14 11:16:56 800.30 16.94 14.89 52.22 100.32 0.1436 0.0995
2017-06-14 11:16:57 800.31 16.94 14.89 52.22 100.32 0.1436 0.0995
2017-06-14 11:16:58 800.30 16.94 14.89 52.22 100.32 0.1436 0.0995
2017-06-14 11:16:59 800.20 16.94 14.90 52.22 100.32 0.1435 0.0995
2017-06-14 11:17:00 800.15 16.95 14.90 52.22 100.32 0.1435 0.0995
2017-06-14 11:17:01 800.35 16.95 14.90 52.22 100.31 0.1435 0.0995
2017-06-14 11:17:02 799.90 16.95 14.90 52.22 100.34 0.1435 0.0995
2017-06-14 11:17:03 800.19 16.96 14.91 52.22 100.32 0.1435 0.0996
2017-06-14 11:17:04 800.59 16.97 14.91 52.22 100.29 0.1435 0.0996
2017-06-14 11:17:05 800.38 16.96 14.91 52.22 100.31 0.1435 0.0996
2017-06-14 11:17:06 800.06 16.96 14.91 52.22 100.33 0.1435 0.0996
2017-06-14 11:17:07 800.36 16.97 14.92 52.22 100.31 0.1435 0.0996
2017-06-14 11:17:08 800.17 16.97 14.92 52.22 100.33 0.1436 0.0996
2017-06-14 11:17:09 800.47 16.97 14.92 52.22 100.31 0.1436 0.0996
2017-06-14 11:17:10 800.58 16.98 14.92 52.22 100.31 0.1436 0.0996
2017-06-14 11:17:11 800.72 16.98 14.92 52.22 100.29 0.1436 0.0996
2017-06-14 11:17:12 800.81 16.98 14.93 52.22 100.29 0.1436 0.0996
2017-06-14 11:17:13 800.48 16.98 14.93 52.22 100.31 0.1436 0.0997
2017-06-14 11:17:14 800.48 16.98 14.93 52.22 100.31 0.1436 0.0997
2017-06-14 11:17:15 800.28 16.98 14.93 52.22 100.33 0.1436 0.0997
2017-06-14 11:17:16 800.26 16.99 14.93 52.22 100.33 0.1436 0.0997
2017-06-14 11:17:17 800.51 16.99 14.94 52.22 100.31 0.1436 0.0997
2017-06-14 11:17:18 800.19 16.99 14.94 52.22 100.33 0.1436 0.0997
2017-06-14 11:17:19 800.48 17.00 14.94 52.22 100.31 0.1436 0.0997
2017-06-14 11:17:20 800.55 17.00 14.95 52.22 100.31 0.1436 0.0997
2017-06-14 11:17:21 800.59 17.00 14.95 52.22 100.31 0.1436 0.0997
2017-06-14 11:17:22 800.45 17.01 14.95 52.22 100.31 0.1436 0.0998
2017-06-14 11:17:23 800.42 17.01 14.95 52.22 100.31 0.1436 0.0998
2017-06-14 11:17:24 800.15 17.01 14.95 52.22 100.33 0.1436 0.0998
2017-06-14 11:17:25 800.29 17.01 14.96 52.22 100.31 0.1435 0.0998
2017-06-14 11:17:26 800.25 17.02 14.96 52.22 100.31 0.1435 0.0998
2017-06-14 11:17:27 800.20 17.02 14.96 52.22 100.31 0.1435 0.0998
2017-06-14 11:17:28 800.02 17.02 14.96 52.22 100.33 0.1435 0.0998
2017-06-14 11:17:29 800.17 17.02 14.97 52.22 100.31 0.1435 0.0998
2017-06-14 11:17:30 799.73 17.02 14.97 52.22 100.33 0.1435 0.0998
2017-06-14 11:17:31 799.93 17.03 14.97 52.22 100.31 0.1435 0.0998
2017-06-14 11:17:32 800.00 17.03 14.97 52.22 100.31 0.1435 0.0998
2017-06-14 11:17:33 800.03 17.03 14.97 52.22 100.31 0.1435 0.0998
2017-06-14 11:17:34 800.08 17.03 14.97 52.22 100.31 0.1435 0.0999
2017-06-14 11:17:35 800.16 17.04 14.98 52.22 100.31 0.1435 0.0999
2017-06-14 11:17:36 799.75 17.03 14.98 52.19 100.33 0.1435 0.0999
2017-06-14 11:17:37 800.21 17.04 14.98 52.19 100.31 0.1435 0.0999
2017-06-14 11:17:38 800.00 17.04 14.98 52.19 100.31 0.1435 0.0999
2017-06-14 11:17:39 800.09 17.04 14.99 52.22 100.31 0.1435 0.0999
2017-06-14 11:17:40 800.43 17.05 14.99 52.22 100.29 0.1435 0.0999
2017-06-14 11:17:41 800.47 17.06 14.99 52.22 100.29 0.1435 0.0999
2017-06-14 11:17:42 800.24 17.05 14.99 52.22 100.31 0.1435 0.0999
2017-06-14 11:17:43 800.18 17.06 15.00 52.22 100.31 0.1435 0.0999
2017-06-14 11:17:44 799.87 17.05 15.00 52.22 100.33 0.1435 0.1000
2017-06-14 11:17:45 799.80 17.06 15.00 52.22 100.33 0.1435 0.1000
2017-06-14 11:17:46 799.97 17.06 15.00 52.22 100.33 0.1435 0.1000
2017-06-14 11:17:47 799.84 17.06 15.00 52.22 100.33 0.1435 0.1000
2017-06-14 11:17:48 800.50 17.07 15.01 52.22 100.29 0.1435 0.1000
2017-06-14 11:17:49 800.17 17.07 15.01 52.22 100.31 0.1435 0.1000
2017-06-14 11:17:50 799.91 17.07 15.01 52.22 100.33 0.1435 0.1000
2017-06-14 11:17:51 799.84 17.08 15.02 52.22 100.33 0.1435 0.1000
2017-06-14 11:17:52 800.03 17.08 15.02 52.22 100.31 0.1435 0.1001
2017-06-14 11:17:53 800.08 17.09 15.02 52.22 100.31 0.1435 0.1001
2017-06-14 11:17:54 800.09 17.09 15.03 52.22 100.31 0.1435 0.1001
2017-06-14 11:17:55 800.09 17.09 15.03 52.22 100.31 0.1435 0.1001
2017-06-14 11:17:56 800.06 17.09 15.03 52.22 100.31 0.1435 0.1001
2017-06-14 11:17:57 800.04 17.10 15.03 52.22 100.31 0.1435 0.1001
2017-06-14 11:17:58 799.89 17.10 15.03 52.22 100.33 0.1435 0.1001
2017-06-14 11:17:59 799.86 17.10 15.04 52.22 100.33 0.1435 0.1001
2017-06-14 11:18:00 800.16 17.11 15.04 52.22 100.31 0.1435 0.1001
2017-06-14 11:18:01 800.17 17.11 15.04 52.22 100.31 0.1435 0.1001
2017-06-14 11:18:02 800.17 17.11 15.04 52.22 100.31 0.1435 0.1002
2017-06-14 11:18:03 800.49 17.12 15.05 52.22 100.29 0.1435 0.1002
2017-06-14 11:18:04 800.24 17.12 15.05 52.22 100.31 0.1435 0.1002
2017-06-14 11:18:05 800.16 17.12 15.05 52.22 100.31 0.1435 0.1002
2017-06-14 11:18:06 800.19 17.12 15.05 52.22 100.31 0.1435 0.1002
2017-06-14 11:18:07 800.21 17.12 15.06 52.22 100.31 0.1435 0.1002
2017-06-14 11:18:08 800.21 17.13 15.06 52.22 100.31 0.1435 0.1002
2017-06-14 11:18:09 800.00 17.12 15.06 52.22 100.33 0.1435 0.1002
2017-06-14 11:18:10 800.29 17.13 15.06 52.22 100.31 0.1435 0.1002
2017-06-14 11:18:11 800.41 17.14 15.07 52.22 100.29 0.1435 0.1003
2017-06-14 11:18:12 799.94 17.13 15.07 52.22 100.33 0.1435 0.1003
2017-06-14 11:18:13 800.20 17.14 15.07 52.22 100.31 0.1435 0.1003
2017-06-14 11:18:14 800.12 17.14 15.07 52.22 100.31 0.1435 0.1003
2017-06-14 11:18:15 800.26 17.14 15.07 52.22 100.31 0.1435 0.1003
2017-06-14 11:18:16 800.18 17.15 15.08 52.22 100.31 0.1435 0.1003
2017-06-14 11:18:17 800.20 17.15 15.08 52.22 100.31 0.1435 0.1003
2017-06-14 11:18:18 800.44 17.16 15.08 52.22 100.29 0.1435 0.1003
2017-06-14 11:18:19 800.07 17.15 15.08 52.22 100.31 0.1435 0.1003
2017-06-14 11:18:20 799.82 17.15 15.09 52.22 100.33 0.1435 0.1003
2017-06-14 11:18:21 799.77 17.16 15.09 52.22 100.33 0.1435 0.1004
2017-06-14 11:18:22 799.82 17.16 15.09 52.22 100.33 0.1435 0.1004
2017-06-14 11:18:23 799.82 17.16 15.09 52.22 100.33 0.1435 0.1004
2017-06-14 11:18:24 800.06 17.17 15.09 52.22 100.31 0.1435 0.1004
2017-06-14 11:18:25 799.84 17.16 15.10 52.22 100.33 0.1435 0.1004
2017-06-14 11:18:26 800.06 17.17 15.10 52.22 100.31 0.1435 0.1004
2017-06-14 11:18:27 799.99 17.17 15.10 52.22 100.31 0.1435 0.1004
2017-06-14 11:18:28 800.01 17.18 15.10 52.22 100.31 0.1435 0.1004
2017-06-14 11:18:29 799.99 17.18 15.11 52.22 100.31 0.1435 0.1004
2017-06-14 11:18:30 799.98 17.18 15.11 52.22 100.31 0.1435 0.1004
2017-06-14 11:18:31 799.62 17.17 15.11 52.22 100.34 0.1435 0.1004
2017-06-14 11:18:32 799.85 17.18 15.11 52.22 100.32 0.1435 0.1005
2017-06-14 11:18:33 799.77 17.19 15.11 52.22 100.32 0.1435 0.1005
2017-06-14 11:18:34 799.76 17.19 15.12 52.22 100.32 0.1435 0.1005
2017-06-14 11:18:35 799.43 17.19 15.12 52.19 100.34 0.1435 0.1005
2017-06-14 11:18:36 799.62 17.19 15.12 52.19 100.33 0.1435 0.1005
2017-06-14 11:18:37 799.65 17.19 15.12 52.19 100.33 0.1435 0.1005
2017-06-14 11:18:38 799.87 17.20 15.13 52.19 100.31 0.1435 0.1005
2017-06-14 11:18:39 799.81 17.20 15.13 52.19 100.32 0.1435 0.1005
2017-06-14 11:18:40 799.82 17.20 15.13 52.19 100.32 0.1435 0.1005
2017-06-14 11:18:41 800.16 17.21 15.13 52.19 100.30 0.1435 0.1005
2017-06-14 11:18:42 799.72 17.20 15.13 52.19 100.34 0.1435 0.1006
2017-06-14 11:18:43 800.19 17.21 15.14 52.19 100.31 0.1435 0.1006
2017-06-14 11:18:44 800.13 17.21 15.14 52.19 100.31 0.1435 0.1006
2017-06-14 11:18:45 799.86 17.21 15.14 52.22 100.34 0.1435 0.1006
2017-06-14 11:18:46 800.12 17.22 15.14 52.22 100.32 0.1435 0.1006
2017-06-14 11:18:47 800.33 17.22 15.14 52.22 100.30 0.1435 0.1006
2017-06-14 11:18:48 800.28 17.23 15.15 52.22 100.30 0.1435 0.1006
2017-06-14 11:18:49 799.96 17.22 15.15 52.22 100.32 0.1435 0.1006
2017-06-14 11:18:50 799.97 17.23 15.15 52.22 100.32 0.1435 0.1006
2017-06-14 11:18:51 799.80 17.23 15.15 52.22 100.34 0.1435 0.1007
2017-06-14 11:18:52 799.77 17.23 15.15 52.22 100.34 0.1435 0.1007
2017-06-14 11:18:53 799.89 17.23 15.16 52.22 100.34 0.1435 0.1007
2017-06-14 11:18:54 800.00 17.23 15.16 52.22 100.34 0.1436 0.1007
2017-06-14 11:18:55 800.34 17.24 15.16 52.22 100.32 0.1436 0.1007
2017-06-14 11:18:56 800.38 17.24 15.17 52.22 100.32 0.1436 0.1007
2017-06-14 11:18:57 800.23 17.24 15.17 52.22 100.34 0.1436 0.1007
2017-06-14 11:18:58 800.33 17.24 15.17 52.22 100.34 0.1436 0.1007
2017-06-14 11:18:59 800.71 17.25 15.17 52.22 100.32 0.1436 0.1007
2017-06-14 11:19:00 800.52 17.24 15.17 52.22 100.34 0.1436 0.1007
2017-06-14 11:19:01 800.50 17.24 15.17 52.22 100.34 0.1436 0.1007
2017-06-14 11:19:02 800.82 17.25 15.17 52.22 100.32 0.1436 0.1007
2017-06-14 11:19:03 800.90 17.26 15.18 52.22 100.32 0.1436 0.1008
2017-06-14 11:19:04 800.61 17.25 15.18 52.22 100.34 0.1436 0.1008
2017-06-14 11:19:05 800.66 17.25 15.18 52.22 100.34 0.1436 0.1008
2017-06-14 11:19:06 800.68 17.26 15.18 52.22 100.34 0.1436 0.1008
2017-06-14 11:19:07 801.02 17.26 15.18 52.22 100.32 0.1436 0.1008
2017-06-14 11:19:08 801.06 17.26 15.19 52.22 100.32 0.1436 0.1008
2017-06-14 11:19:09 801.06 17.27 15.19 52.22 100.32 0.1436 0.1008
2017-06-14 11:19:10 801.29 17.27 15.19 52.22 100.30 0.1436 0.1008
2017-06-14 11:19:11 801.08 17.27 15.19 52.22 100.32 0.1437 0.1008
2017-06-14 11:19:12 800.96 17.27 15.19 52.22 100.32 0.1436 0.1008
2017-06-14 11:19:13 800.99 17.27 15.19 52.22 100.32 0.1436 0.1008
2017-06-14 11:19:14 800.98 17.27 15.20 52.22 100.32 0.1436 0.1008
2017-06-14 11:19:15 800.68 17.27 15.19 52.22 100.34 0.1436 0.1008
2017-06-14 11:19:16 801.04 17.28 15.20 52.22 100.32 0.1436 0.1008
2017-06-14 11:19:17 801.10 17.28 15.20 52.22 100.32 0.1437 0.1009
2017-06-14 11:19:18 801.41 17.29 15.20 52.22 100.30 0.1437 0.1009
2017-06-14 11:19:19 801.16 17.29 15.21 52.22 100.32 0.1437 0.1009
2017-06-14 11:19:20 801.14 17.29 15.21 52.22 100.32 0.1437 0.1009
2017-06-14 11:19:21 801.19 17.29 15.21 52.22 100.32 0.1437 0.1009
2017-06-14 11:19:22 801.18 17.30 15.21 52.22 100.32 0.1437 0.1009
2017-06-14 11:19:23 801.26 17.30 15.22 52.22 100.32 0.1437 0.1009
2017-06-14 11:19:24 801.28 17.30 15.22 52.22 100.32 0.1437 0.1009
2017-06-14 11:19:25 801.56 17.31 15.22 52.22 100.30 0.1437 0.1009
2017-06-14 11:19:26 801.24 17.30 15.22 52.22 100.32 0.1437 0.1009
2017-06-14 11:19:27 800.97 17.30 15.22 52.22 100.34 0.1437 0.1010
2017-06-14 11:19:28 800.99 17.30 15.22 52.22 100.34 0.1437 0.1010
2017-06-14 11:19:29 800.96 17.31 15.23 52.22 100.34 0.1437 0.1010
2017-06-14 11:19:30 801.09 17.31 15.23 52.22 100.34 0.1437 0.1010
2017-06-14 11:19:31 801.25 17.31 15.23 52.22 100.32 0.1437 0.1010
2017-06-14 11:19:32 801.58 17.32 15.23 52.22 100.30 0.1437 0.1010
2017-06-14 11:19:33 801.41 17.32 15.23 52.22 100.32 0.1437 0.1010
2017-06-14 11:19:34 801.39 17.32 15.24 52.22 100.32 0.1437 0.1010
2017-06-14 11:19:35 801.15 17.32 15.24 52.22 100.34 0.1437 0.1010
2017-06-14 11:19:36 801.42 17.33 15.24 52.22 100.32 0.1437 0.1010
2017-06-14 11:19:37 801.41 17.33 15.24 52.22 100.32 0.1437 0.1010
2017-06-14 11:19:38 801.48 17.33 15.24 52.22 100.32 0.1437 0.1010
2017-06-14 11:19:39 801.27 17.33 15.25 52.22 100.34 0.1437 0.1011
2017-06-14 11:19:40 801.79 17.34 15.25 52.22 100.30 0.1437 0.1011
2017-06-14 11:19:41 801.62 17.34 15.25 52.22 100.32 0.1437 0.1011
2017-06-14 11:19:42 801.39 17.33 15.25 52.22 100.34 0.1437 0.1011
2017-06-14 11:19:43 801.46 17.34 15.26 52.22 100.34 0.1437 0.1011
2017-06-14 11:19:44 801.55 17.34 15.26 52.22 100.34 0.1437 0.1011
2017-06-14 11:19:45 801.75 17.35 15.26 52.22 100.32 0.1437 0.1011
2017-06-14 11:19:46 801.86 17.35 15.26 52.22 100.32 0.1437 0.1011
2017-06-14 11:19:47 801.87 17.35 15.27 52.22 100.32 0.1437 0.1011
2017-06-14 11:19:48 802.15 17.36 15.27 52.22 100.30 0.1437 0.1012
2017-06-14 11:19:49 801.86 17.36 15.27 52.22 100.32 0.1437 0.1012
2017-06-14 11:19:50 801.85 17.36 15.27 52.22 100.32 0.1437 0.1012
2017-06-14 11:19:51 801.94 17.36 15.27 52.22 100.32 0.1438 0.1012
2017-06-14 11:19:52 801.73 17.36 15.28 52.22 100.34 0.1438 0.1012
2017-06-14 11:19:53 802.01 17.37 15.28 52.22 100.32 0.1438 0.1012
2017-06-14 11:19:54 801.93 17.37 15.28 52.22 100.32 0.1437 0.1012
2017-06-14 11:19:55 802.00 17.38 15.29 52.22 100.32 0.1438 0.1012
2017-06-14 11:19:56 802.19 17.38 15.29 52.22 100.30 0.1437 0.1012
2017-06-14 11:19:57 801.92 17.38 15.29 52.22 100.32 0.1437 0.1012
2017-06-14 11:19:58 801.63 17.38 15.29 52.22 100.34 0.1437 0.1013
2017-06-14 11:19:59 801.87 17.39 15.29 52.22 100.32 0.1437 0.1013
2017-06-14 11:20:00 801.69 17.38 15.30 52.25 100.34 0.1437 0.1013
2017-06-14 11:20:01 801.91 17.39 15.30 52.25 100.32 0.1437 0.1013
2017-06-14 11:20:02 801.78 17.39 15.30 52.22 100.32 0.1437 0.1013
2017-06-14 11:20:03 801.68 17.40 15.30 52.22 100.32 0.1437 0.1013
2017-06-14 11:20:04 801.69 17.40 15.31 52.22 100.32 0.1437 0.1013
2017-06-14 11:20:05 801.41 17.39 15.31 52.22 100.34 0.1437 0.1013
2017-06-14 11:20:06 801.72 17.40 15.31 52.22 100.32 0.1437 0.1013
2017-06-14 11:20:07 801.44 17.40 15.31 52.22 100.34 0.1437 0.1013
2017-06-14 11:20:08 801.50 17.40 15.31 52.22 100.34 0.1437 0.1013
2017-06-14 11:20:09 801.80 17.40 15.31 52.22 100.32 0.1437 0.1013
2017-06-14 11:20:10 802.07 17.41 15.32 52.22 100.30 0.1437 0.1014
2017-06-14 11:20:11 801.77 17.41 15.32 52.22 100.32 0.1437 0.1014
2017-06-14 11:20:12 801.53 17.41 15.32 52.22 100.34 0.1437 0.1014
2017-06-14 11:20:13 801.56 17.41 15.32 52.22 100.34 0.1437 0.1014
2017-06-14 11:20:14 801.77 17.42 15.32 52.22 100.32 0.1437 0.1014
2017-06-14 11:20:15 801.82 17.42 15.32 52.22 100.32 0.1437 0.1014
2017-06-14 11:20:16 801.82 17.42 15.33 52.22 100.32 0.1437 0.1014
2017-06-14 11:20:17 802.05 17.43 15.33 52.22 100.30 0.1437 0.1014
2017-06-14 11:20:18 802.02 17.43 15.33 52.22 100.30 0.1437 0.1014
2017-06-14 11:20:19 801.78 17.43 15.33 52.22 100.32 0.1437 0.1014
2017-06-14 11:20:20 801.79 17.43 15.33 52.22 100.32 0.1437 0.1014
2017-06-14 11:20:21 801.50 17.43 15.33 52.22 100.34 0.1437 0.1014
2017-06-14 11:20:22 801.48 17.43 15.34 52.22 100.34 0.1437 0.1015
2017-06-14 11:20:23 801.75 17.44 15.34 52.22 100.32 0.1437 0.1015
2017-06-14 11:20:24 801.44 17.43 15.34 52.22 100.34 0.1437 0.1015
2017-06-14 11:20:25 801.74 17.44 15.35 52.22 100.32 0.1437 0.1015
2017-06-14 11:20:26 801.70 17.44 15.35 52.22 100.32 0.1437 0.1015
2017-06-14 11:20:27 801.67 17.45 15.35 52.22 100.32 0.1437 0.1015
2017-06-14 11:20:28 801.59 17.45 15.35 52.22 100.32 0.1437 0.1015
2017-06-14 11:20:29 801.58 17.45 15.35 52.22 100.32 0.1437 0.1015
2017-06-14 11:20:30 801.63 17.45 15.36 52.22 100.32 0.1437 0.1015
2017-06-14 11:20:31 801.43 17.45 15.36 52.22 100.34 0.1437 0.1015
2017-06-14 11:20:32 801.99 17.46 15.36 52.22 100.30 0.1437 0.1016
2017-06-14 11:20:33 801.68 17.46 15.36 52.22 100.32 0.1437 0.1016
2017-06-14 11:20:34 801.58 17.46 15.36 52.22 100.32 0.1437 0.1016
2017-06-14 11:20:35 801.33 17.46 15.36 52.22 100.34 0.1437 0.1016
2017-06-14 11:20:36 801.25 17.46 15.37 52.22 100.34 0.1437 0.1016
2017-06-14 11:20:37 801.56 17.47 15.37 52.22 100.32 0.1437 0.1016
2017-06-14 11:20:38 801.59 17.47 15.37 52.22 100.32 0.1437 0.1016
2017-06-14 11:20:39 801.83 17.48 15.37 52.22 100.30 0.1437 0.1016
2017-06-14 11:20:40 801.54 17.48 15.37 52.22 100.32 0.1437 0.1016
2017-06-14 11:20:41 801.68 17.48 15.38 52.22 100.30 0.1437 0.1016
2017-06-14 11:20:42 801.07 17.47 15.38 52.22 100.34 0.1437 0.1016
2017-06-14 11:20:43 801.32 17.48 15.38 52.22 100.32 0.1437 0.1016
2017-06-14 11:20:44 801.36 17.48 15.38 52.22 100.32 0.1437 0.1017
2017-06-14 11:20:45 801.38 17.48 15.38 52.22 100.32 0.1437 0.1017
2017-06-14 11:20:46 801.37 17.49 15.39 52.22 100.32 0.1437 0.1017
2017-06-14 11:20:47 801.63 17.49 15.39 52.22 100.30 0.1437 0.1017
2017-06-14 11:20:48 801.30 17.49 15.39 52.22 100.32 0.1437 0.1017
2017-06-14 11:20:49 801.44 17.50 15.39 52.19 100.30 0.1437 0.1017
2017-06-14 11:20:50 801.06 17.49 15.39 52.19 100.32 0.1437 0.1017
2017-06-14 11:20:51 800.84 17.49 15.39 52.19 100.34 0.1437 0.1017
2017-06-14 11:20:52 801.06 17.50 15.40 52.19 100.32 0.1437 0.1017
2017-06-14 11:20:53 800.87 17.50 15.40 52.22 100.34 0.1437 0.1017
2017-06-14 11:20:54 801.09 17.51 15.40 52.22 100.32 0.1437 0.1017
2017-06-14 11:20:55 801.04 17.50 15.40 52.22 100.32 0.1437 0.1017
2017-06-14 11:20:56 801.08 17.51 15.40 52.22 100.32 0.1437 0.1017
2017-06-14 11:20:57 801.25 17.51 15.41 52.22 100.31 0.1437 0.1018
2017-06-14 11:20:58 801.29 17.52 15.41 52.22 100.31 0.1437 0.1018
2017-06-14 11:20:59 801.07 17.51 15.41 52.22 100.33 0.1437 0.1018
2017-06-14 11:21:00 801.39 17.52 15.41 52.22 100.31 0.1437 0.1018
2017-06-14 11:21:01 801.41 17.52 15.41 52.22 100.31 0.1437 0.1018
2017-06-14 11:21:02 801.35 17.52 15.42 52.22 100.31 0.1437 0.1018
2017-06-14 11:21:03 801.75 17.53 15.42 52.22 100.29 0.1437 0.1018
2017-06-14 11:21:04 801.49 17.53 15.42 52.22 100.31 0.1437 0.1018
2017-06-14 11:21:05 801.27 17.53 15.42 52.22 100.33 0.1437 0.1018
2017-06-14 11:21:06 801.44 17.53 15.42 52.22 100.31 0.1437 0.1018
2017-06-14 11:21:07 801.11 17.53 15.42 52.22 100.33 0.1437 0.1018
2017-06-14 11:21:08 801.39 17.54 15.43 52.22 100.31 0.1437 0.1019
2017-06-14 11:21:09 801.33 17.54 15.43 52.22 100.31 0.1437 0.1019
2017-06-14 11:21:10 801.31 17.54 15.43 52.19 100.31 0.1437 0.1019
2017-06-14 11:21:11 801.27 17.54 15.43 52.19 100.31 0.1437 0.1019
2017-06-14 11:21:12 801.02 17.54 15.43 52.19 100.33 0.1437 0.1019
2017-06-14 11:21:13 801.27 17.54 15.43 52.19 100.31 0.1437 0.1019
2017-06-14 11:21:14 801.21 17.55 15.44 52.22 100.31 0.1437 0.1019
2017-06-14 11:21:15 800.97 17.54 15.44 52.22 100.33 0.1437 0.1019
2017-06-14 11:21:16 800.98 17.55 15.44 52.22 100.33 0.1437 0.1019
2017-06-14 11:21:17 801.49 17.56 15.45 52.22 100.29 0.1437 0.1019
2017-06-14 11:21:18 801.22 17.56 15.45 52.22 100.31 0.1437 0.1019
2017-06-14 11:21:19 801.30 17.56 15.45 52.22 100.31 0.1437 0.1019
2017-06-14 11:21:20 801.17 17.56 15.45 52.22 100.31 0.1436 0.1020
2017-06-14 11:21:21 801.24 17.56 15.45 52.22 100.31 0.1437 0.1020
2017-06-14 11:21:22 801.26 17.57 15.45 52.22 100.31 0.1437 0.1020
2017-06-14 11:21:23 801.29 17.57 15.46 52.22 100.31 0.1437 0.1020
2017-06-14 11:21:24 801.62 17.58 15.46 52.22 100.29 0.1437 0.1020
2017-06-14 11:21:25 801.70 17.58 15.46 52.22 100.29 0.1437 0.1020
2017-06-14 11:21:26 801.44 17.57 15.46 52.22 100.31 0.1437 0.1020
2017-06-14 11:21:27 801.53 17.57 15.46 52.22 100.31 0.1437 0.1020
2017-06-14 11:21:28 801.29 17.57 15.46 52.22 100.33 0.1437 0.1020
2017-06-14 11:21:29 801.18 17.58 15.47 52.22 100.33 0.1437 0.1020
2017-06-14 11:21:30 801.59 17.58 15.47 52.22 100.31 0.1437 0.1020
2017-06-14 11:21:31 801.56 17.59 15.47 52.22 100.31 0.1437 0.1020
2017-06-14 11:21:32 801.61 17.59 15.47 52.22 100.31 0.1437 0.1021
2017-06-14 11:21:33 801.62 17.59 15.48 52.22 100.31 0.1437 0.1021
