"TOA5","CR1000","CR1000","90275","CR1000.Std.32.02","CPU:lydx_Weather1.CR1","57300","weather"
"TIMESTAMP","RECORD","Batt_volt_Min","PTemp_C_Max","SR_Wpm2_Avg","PAR_umolpm2s_Avg","NR_uncorrect_Wpm2_Avg","NR_correct_Wpm2_Avg","Soil_hf_Wpm2_Avg","RG_mm_Tot","TCAir_C_Avg","RH_Pcent_Avg","WS_mps_Avg","WS_gust_mps","WD_360_Avg","TCSoil_C_Avg","VWC_Avg","Eb_Avg"
"TS","RN","","","","","","","","","","","","","","","",""
"","","Min","Max","Avg","Avg","Avg","Avg","Avg","Tot","Avg","Avg","Avg","Smp","Avg","Avg","Avg","Avg"
"2018-12-14 16:30:00",0,12.84,6.242,28.16,-56.77,-3.978,-3.978,19.54,0,3.148,40.87,"NAN",0,0,0,"NAN","NAN"
"2018-12-14 17:00:00",1,12.86,4.299,17.75,64.06,-3.7,-3.7,56.13,2,1.623,50.8,0.269,0.13,204.1,0.059,-0.006,1.761
"2018-12-14 17:30:00",2,12.88,-0.095,0.713,1.433,-3.044,-3.044,26.31,0,-0.695,71.51,0.195,0.3,254.4,-2.945,-0.017,1.28
"2018-12-14 18:00:00",3,12.87,-3.385,-0.006,-0.018,-2.633,-2.633,29.05,0,-1.993,82.6,0.193,0.12,231.9,-3.443,-0.015,1.331
"2018-12-14 18:30:00",4,12.85,-5.788,-0.002,-0.027,-2.561,-2.561,28.62,0,-2.353,75.71,0.24,0.18,179.2,-4.102,-0.015,1.338
"2018-12-14 19:00:00",5,12.82,-7.35,-0.003,-0.022,-2.491,-2.491,23.57,0,-2.764,86.3,0.234,0.3,223.4,-4.542,-0.015,1.34
"2018-12-14 19:30:00",6,12.82,-8.38,-0.006,-0.014,-2.437,-2.437,24.26,0,-2.916,83.2,0.276,0.32,125,-4.753,-0.015,1.34
"2018-12-14 20:00:00",7,12.8,-9.07,-0.001,-0.012,-2.361,-2.361,24.73,0,-3.489,83.9,0.321,0.34,98.8,-4.962,-0.015,1.341
"2018-12-14 20:30:00",8,12.79,-9.62,-0.003,-0.006,-2.305,-2.305,24.34,0,-3.388,86,0.247,0.27,106.1,-4.953,-0.015,1.345
"2018-12-14 21:00:00",9,12.78,-10.01,-0.007,-0.016,-2.462,-2.462,25.99,0,-3.927,91.5,0.245,0.25,143.6,-5.142,-0.015,1.343
"2018-12-14 21:30:00",10,12.77,-10.33,-0.005,-0.01,-2.303,-2.303,26.39,0,-3.722,88.1,0.21,0.27,144.5,-5.163,-0.015,1.348
"2018-12-14 22:00:00",11,12.76,-10.6,0.002,0,-2.373,-2.373,25.8,0,-4.123,91.2,0.274,0.28,89.8,-5.285,-0.015,1.349
"2018-12-14 22:30:00",12,12.76,-10.88,0,-0.003,-2.149,-2.149,26.06,0,-4.182,90.1,0.275,0.3,57.11,-5.392,-0.015,1.348
"2018-12-14 23:00:00",13,12.76,-11.11,-0.001,0.002,-2.314,-2.314,26.45,0,-4.435,90.5,0.281,0.15,113.8,-5.405,-0.015,1.349
"2018-12-14 23:30:00",14,12.75,-11.18,0.001,-0.002,-2.314,-2.314,24.32,0,-4.556,93.8,0.3,0.16,100.4,-5.39,-0.015,1.349
"2018-12-15 00:00:00",15,12.75,-11.23,0,-0.003,-2.22,-2.22,25.61,0,-4.752,94.1,0.293,0.32,118.2,-5.423,-0.015,1.35
"2018-12-15 00:30:00",16,12.75,-11.3,0.003,-0.002,-2.308,-2.308,25.16,0,-4.891,95.6,0.308,0.41,131,-5.373,-0.015,1.351
"2018-12-15 01:00:00",17,12.75,-11.39,-0.002,-0.002,-2.052,-2.052,23.8,0,-4.967,96.1,0.318,0.47,52.85,-5.295,-0.015,1.35
"2018-12-15 01:30:00",18,12.74,-11.07,0.001,-0.002,-1.953,-1.953,19.71,0,-4.786,95.8,0.28,0.3,140.7,-4.983,-0.015,1.352
"2018-12-15 02:00:00",19,12.74,-10.98,0,-0.004,-2.004,-2.004,24.51,0,-4.913,96.2,0.362,0.41,32.6,-5.012,-0.014,1.355
"2018-12-15 02:30:00",20,12.74,-11.04,0.002,0.004,-2.031,-2.031,25.46,0,-5.244,96.6,0.284,0.21,48.38,-5.387,-0.015,1.351
"2018-12-15 03:00:00",21,12.74,-11.25,0.001,-0.004,-2.095,-2.095,25.94,0,-5.207,96.3,0.313,0.41,115.9,-5.428,-0.015,1.35
"2018-12-15 03:30:00",22,12.74,-11.42,-0.004,-0.006,-2.095,-2.095,26.17,0,-5.223,94.5,0.331,0.25,54.23,-5.547,-0.015,1.35
"2018-12-15 04:00:00",23,12.74,-11.56,0,-0.005,-2.209,-2.209,25.3,0,-5.3,96.6,0.296,0.21,112.5,-5.482,-0.015,1.35
"2018-12-15 04:30:00",24,12.74,-11.68,0,-0.003,-2.174,-2.174,27.82,0,-5.347,96.4,0.327,0.25,101.6,-5.682,-0.015,1.35
"2018-12-15 05:00:00",25,12.74,-11.79,-0.003,-0.001,-2.088,-2.088,25.1,0,-5.326,96.2,0.327,0.41,84,-5.728,-0.015,1.348
"2018-12-15 05:30:00",26,12.73,-11.93,0.002,-0.001,-1.888,-1.888,24.85,0,-5.692,96,0.397,0.37,53.15,-5.818,-0.015,1.345
"2018-12-15 06:00:00",27,12.73,-12.03,-0.003,-0.003,-2.033,-2.033,25.13,0,-5.759,96.8,0.359,0.45,75.42,-5.873,-0.015,1.34
"2018-12-15 06:30:00",28,12.73,-12.12,-0.002,-0.001,-2.144,-2.144,23.67,0,-5.905,96.2,0.35,0.39,79.21,-5.75,-0.015,1.341
"2018-12-15 07:00:00",29,12.73,-12.01,0.441,0.819,-2.055,-2.055,22.92,0,-5.743,96.1,0.367,0.12,58.73,-5.505,-0.015,1.348
"2018-12-15 07:30:00",30,12.73,-10.74,11.65,20.47,-0.823,-0.823,16.49,0,-5.447,96.4,0.379,0.55,101.9,-4.51,-0.014,1.356
"2018-12-15 08:00:00",31,12.73,-7.04,28.38,56.61,0.518,0.518,4.476,0,-3.815,96.4,0.357,0.38,129.7,-1.93,-0.013,1.399
"2018-12-15 08:30:00",32,12.74,-4.225,53.06,112.8,1.164,1.164,-0.151,0,-1.955,90.6,0.359,0.07,232.1,-0.237,-0.011,1.497
"2018-12-15 09:00:00",33,12.76,-2.463,81.5,171.6,1.538,1.538,-5.827,0,-0.944,84.8,0.404,0.58,117.1,0.307,-0.008,1.595
